S0 = -0.6490169943749474 + 3.9961694220597663 * (x - xi) + 253.16150155390227 * (x - xi) ** 2 / 2 + -9538.909279115529 * (x - xi) ** 3 / 6
S1 = -0.5579059656000309 + 3.876226516175167 * (x - xi) + 225.28593645898135 * (x - xi) ** 2 / 2 + -9163.996251890743 * (x - xi) ** 3 / 6
S2 = -0.4571067811865476 + 3.74471604990972 * (x - xi) + 260.72765027588696 * (x - xi) ** 2 / 2 + -10383.564375052332 * (x - xi) ** 3 / 6
S3 = -0.3469480483301835 + 3.602448829019618 * (x - xi) + 278.1618091354044 * (x - xi) ** 2 / 2 + -11134.043781868193 * (x - xi) ** 3 / 6
S4 = -0.22778525229247315 + 3.4503019782303026 * (x - xi) + 299.3214116993037 * (x - xi) ** 2 / 2 + -11966.958892483026 * (x - xi) ** 3 / 6
S5 = -0.09999856471594887 + 3.2892135334708508 * (x - xi) + 318.2531880489997 * (x - xi) ** 2 / 2 + -12725.932084738015 * (x - xi) ** 3 / 6
S6 = 0.03600950026045313 + 3.1201766585705473 * (x - xi) + 336.723993513109 * (x - xi) ** 2 / 2 + -13472.414609143847 * (x - xi) ** 3 / 6
S7 = 0.17981656763491016 + 2.944233522073618 * (x - xi) + 353.3412656090795 * (x - xi) ** 2 / 2 + -14105.836539490709 * (x - xi) ** 3 / 6
S8 = 0.3309830056250527 + 2.7624688719235966 * (x - xi) + 371.6665189460352 * (x - xi) ** 2 / 2 + -14957.34475293829 * (x - xi) ** 3 / 6
S9 = 0.48905463614409445 + 2.576003347631538 * (x - xi) + 378.64239994235686 * (x - xi) ** 2 / 2 + -14794.760749188552 * (x - xi) ** 3 / 6
