S0 = -0.6490169943749474 + 3.9961694220597663*(x - x0) + 129.36966862768676*(x - x0)**2 / 2 + -2438.1469237456545*(x - x0)**3 / 6
S1 = -0.4571067811865476 + 3.74471604990972*(x - x1) + 125.65706924013159*(x - x1)**2 / 2 + -2550.0403943091924*(x - x1)**3 / 6
S2 = -0.22778525229247315 + 3.4503019782303026*(x - x2) + 151.7293102340027*(x - x2)**2 / 2 + -3014.6712536525315*(x - x2)**3 / 6
S3 = 0.03600950026045313 + 3.1201766585705473*(x - x3) + 168.7600918817392*(x - x3)**2 / 2 + -3398.2670392971536*(x - x3)**3 / 6
S4 = 0.3309830056250527 + 2.7624688719235966*(x - x4) + 180.9403277306339*(x - x4)**2 / 2 + -3528.824365956183*(x - x4)**3 / 6
